*************************************************************************************
FitLabel         Unbinned_GsfTrack         MCSignal         Denominator
0         0         8.21637e+10         0              1e+11          
1         1         91.2                89             93             
2         1         2.5                 2.3            3              
3         0         2.02271             0              5              
4         1         1                   0.9            1.1            
5         0         -6.13241e-08        -1e-05         -1e-09         
6         0         1.2263e-07          1e-13          1e-05          
7         0         0.187509            0              1              
End
 
FitLabel         Unbinned_GsfTrack         MCSignal          Numerator
0         0         8.07134e+10         0              1e+11          
1         1         91.2                89             93             
2         1         2.5                 2.3            3              
3         0         2.02603             0              5              
4         1         1                   0.9            1.1            
5         0         -5.93926e-08        -1e-05         -1e-09         
6         0         9.89489e-08         1e-13          1e-05          
7         0         0.184467            0              1              
End
*************************************************************************************
FitLabel         Unbinned_GsfTrack         SignalAndBkg      Denominator
0         0         8.43972e+10         0              1e+11          
1         1         91.2                89             93             
2         1         2.5                 2.3            3              
3         1         1.97146             0              5              
4         1         1                   0.9            1.1            
5         1         -5.96178e-08        -1e-05         -1e-09         
6         1         3.59426e-08         1e-13          1e-05          
7         1         0.211208            0              1              
8         0         8.79623e-08         1e-09          1e-06          
9         0         -0.0057262          -0.1           -1e-100      
End

FitLabel         Unbinned_GsfTrack         SignalAndBkg      Numerator  
0         0         8.20807e+10         0              1e+11          
1         1         91.2                89             93             
2         1         2.5                 2.3            3              
3         1         1.99589             0              5              
4         1         1                   0.9            1.1            
5         1         -5.06204e-08        -1e-05         -1e-09         
6         1         1.94075e-08         1e-13          1e-05          
7         1         0.208361            0              1              
8         0         4.91359e-08         1e-09          1e-06          
9         0         -0.00528455         -0.1           -1e-100        
End
*************************************************************************************
*************************************************************************************



*************************************************************************************
FitLabel         Unbinned_GsfElectron         MCSignal         Denominator
0         0         8.03187e+10         0              1e+11          
1         1         91.2                89             93             
2         1         2.5                 2.3            3              
3         0         2.00285             0              5              
4         1         1                   0.9            1.1            
5         0         -6.32057e-08        -1e-05         -1e-09         
6         0         1.11916e-07         1e-13          1e-05          
7         0         0.183595            0              1              
End
 
FitLabel         Unbinned_GsfElectron         MCSignal          Numerator
0         0         7.9709e+10          0              1e+11          
1         1         91.2                89             93             
2         1         2.5                 2.3            3              
3         0         2.00581             0              5              
4         1         1                   0.9            1.1            
5         0         -6.67627e-08        -1e-05         -1e-09         
6         0         9.0163e-08          1e-13          1e-05          
7         0         0.180326            0              1              
End
*************************************************************************************
FitLabel         Unbinned_GsfElectron         SignalAndBkg      Denominator
0         0         8.2891e+10          0              1e+11          
1         1         91.2                89             93             
2         1         2.5                 2.3            3              
3         1         1.94042             0              5              
4         1         1                   0.9            1.1            
5         1         -5.70414e-08        -1e-05         -1e-09         
6         1         2.59962e-08         1e-13          1e-05          
7         1         0.209231            0              1              
8         0         5.19946e-08         1e-09          1e-06          
9         0         -0.0052855          -0.1           -1e-100        
End

FitLabel         Unbinned_GsfElectron         SignalAndBkg      Numerator  
0         0         8.086e+10           0              1e+11          
1         1         91.2                89             93             
2         1         2.5                 2.3            3              
3         1         1.97308             0              5              
4         1         1                   0.9            1.1            
5         1         -6.51658e-08        -1e-05         -1e-09         
6         1         4.90068e-08         1e-13          1e-05          
7         1         0.193794            0              1              
8         0         2.66311e-08         1e-09          1e-06          
9         0         -0.00566365         -0.1           -1e-100        
End
*************************************************************************************
FitLabel         Unbinned_GsfElectron         SignalAndBkgSSOSMerged      Denominator
0         0         7.78381e+10         0              1e+11          
1         1         91.2                89             93             
2         1         2.5                 2.3            3              
3         1         1.99617             0              5              
4         1         1                   0.9            1.1            
5         1         -6.68841e-08        -1e-05         -1e-09         
6         1         6.85895e-08         1e-13          1e-05          
7         1         0.200023            0              1              
8         0         3.0414e-08          1e-09          1e-06          
9         0         -0.0050534          -0.1           -1e-100        
10        0         0.0386445           1e-05          0.5            
End

FitLabel         Unbinned_GsfElectron         SignalAndBkgSSOSMerged      Numerator  
0         0         7.76171e+10         0              1e+11          
1         1         91.2                89             93             
2         1         2.5                 2.3            3              
3         1         1.99114             0              5              
4         1         1                   0.9            1.1            
5         1         -7.34939e-08        -1e-05         -1e-09         
6         1         8.05967e-08         1e-13          1e-05          
7         1         0.186828            0              1              
8         0         1.47334e-08         1e-09          1e-06          
9         0         -0.00534488         -0.1           -1e-100        
10        0         0.0346127           1e-05          0.5            
End
*************************************************************************************
*************************************************************************************


*************************************************************************************
FitLabel         Unbinned_D0Cut         MCSignal         Denominator
0         0         8.51999e+10         0              1e+11          
1         1         91.2                89             93             
2         1         2.5                 2.3            3              
3         0         1.95256             0              5              
4         1         1                   0.9            1.1            
5         0         -6.90522e-08        -1e-05         -1e-09         
6         0         9.56474e-08         1e-13          1e-05          
7         0         0.177094            0              1              
End
 
FitLabel         Unbinned_D0Cut         MCSignal          Numerator
0         0         8.3962e+10          0              1e+11          
1         1         91.2                89             93             
2         1         2.5                 2.3            3              
3         0         1.94175             0              5              
4         1         1                   0.9            1.1            
5         0         -6.87121e-08        -1e-05         -1e-09         
6         0         9.39798e-08         1e-13          1e-05          
7         0         0.176163            0              1              
End
*************************************************************************************
FitLabel         Unbinned_D0Cut         SignalAndBkg      Denominator
0         0         8.61464e+10         0              1e+11          
1         1         91.2                89             93             
2         1         2.5                 2.3            3              
3         1         1.93534             0              5              
4         1         1                   0.9            1.1            
5         1         -7.74444e-08        -1e-05         -1e-09         
6         1         1.02185e-07         1e-13          1e-05          
7         1         0.182919            0              1              
8         0         1.42394e-08         1e-09          1e-06          
9         0         -0.00551998         -0.1           -1e-100        
End

FitLabel         Unbinned_D0Cut         SignalAndBkg      Numerator  
0         0         8.46939e+10         0              1e+11          
1         1         91.2                89             93             
2         1         2.5                 2.3            3              
3         1         1.9238              0              5              
4         1         1                   0.9            1.1            
5         1         -7.26457e-08        -1e-05         -1e-09         
6         1         6.69664e-08         1e-13          1e-05          
7         1         0.178803            0              1              
8         0         1.68919e-08         1e-09          1e-06          
9         0         -0.00575976         -0.1           -1e-100        
End
*************************************************************************************
FitLabel         Unbinned_D0Cut         SignalAndBkgSSOSMerged      Denominator
0         0         8.31018e+10         0              1e+11          
1         1         91.2                89             93             
2         1         2.5                 2.3            3              
3         1         1.94204             0              5              
4         1         1                   0.9            1.1            
5         1         -7.56607e-08        -1e-05         -1e-09         
6         1         9.97729e-08         1e-13          1e-05          
7         1         0.180213            0              1              
8         0         8.89641e-09         1e-09          1e-06          
9         0         -0.00535341         -0.1           -1e-100        
10        0         0.0330783           1e-05          0.5            
End

FitLabel         Unbinned_D0Cut         SignalAndBkgSSOSMerged      Numerator  
0         0         8.19044e+10         0              1e+11          
1         1         91.2                89             93             
2         1         2.5                 2.3            3              
3         1         1.94337             0              5              
4         1         1                   0.9            1.1            
5         1         -7.3033e-08         -1e-05         -1e-09         
6         1         8.90247e-08         1e-13          1e-05          
7         1         0.180152            0              1              
8         0         6.93825e-09         1e-09          1e-06          
9         0         -0.00525855         -0.1           -1e-100        
10        0         0.0238438           1e-05          0.5            
End
*************************************************************************************
*************************************************************************************

*************************************************************************************
FitLabel         Unbinned_ConversionVeto         MCSignal         Denominator
0         0         8.3962e+10          0              1e+11          
1         1         91.2                89             93             
2         1         2.5                 2.3            3              
3         0         1.94175             0              5              
4         1         1                   0.9            1.1            
5         0         -6.87121e-08        -1e-05         -1e-09         
6         0         9.39798e-08         1e-13          1e-05          
7         0         0.176163            0              1              
End
 
FitLabel         Unbinned_ConversionVeto         MCSignal          Numerator
0         0         8.29507e+10         0              1e+11          
1         1         91.2                89             93             
2         1         2.5                 2.3            3              
3         0         1.93223             0              5              
4         1         1                   0.9            1.1            
5         0         -6.90594e-08        -1e-05         -1e-09         
6         0         9.48895e-08         1e-13          1e-05          
7         0         0.175637            0              1              
End
*************************************************************************************
FitLabel         Unbinned_ConversionVeto         SignalAndBkg      Denominator
0         0         8.46939e+10         0              1e+11          
1         1         91.2                89             93             
2         1         2.5                 2.3            3              
3         1         1.9238              0              5              
4         1         1                   0.9            1.1            
5         1         -7.26457e-08        -1e-05         -1e-09         
6         1         6.69664e-08         1e-13          1e-05          
7         1         0.178803            0              1              
8         0         1.68919e-08         1e-09          1e-06          
9         0         -0.00575976         -0.1           -1e-100        
End

FitLabel         Unbinned_ConversionVeto         SignalAndBkg      Numerator  
0         0         8.37163e+10         0              1e+11          
1         1         91.2                89             93             
2         1         2.5                 2.3            3              
3         1         1.91435             0              5              
4         1         1                   0.9            1.1            
5         1         -7.16562e-08        -1e-05         -1e-09         
6         1         8.07671e-08         1e-13          1e-05          
7         1         0.181246            0              1
8         0         1.29789e-08         1e-09          1e-06          
9         0         -0.00549404         -0.1           -1e-100        
End
*************************************************************************************
FitLabel         Unbinned_ConversionVeto         SignalAndBkgSSOSMerged      Denominator
0         0         8.19531e+10         0              1e+11          
1         1         91.2                89             93             
2         1         2.5                 2.3            3              
3         1         1.94414             0              5              
4         1         1                   0.9            1.1            
5         1         -7.31412e-08        -1e-05         -1e-09         
6         1         8.82209e-08         1e-13          1e-05          
7         1         0.180423            0              1              
8         0         7.1267e-09          1e-09          1e-06          
9         0         -0.00512403         -0.1           -1e-100        
10        0         0.0233702           1e-05          0.5             
End

FitLabel         Unbinned_ConversionVeto         SignalAndBkgSSOSMerged      Numerator  
0         0         8.15048e+10         0              1e+11          
1         1         91.2                89             93             
2         1         2.5                 2.3            3              
3         1         1.92972             0              5              
4         1         1                   0.9            1.1            
5         1         -7.17836e-08        -1e-05         -1e-09         
6         1         9.23623e-08         1e-13          1e-05          
7         1         0.179923            0              1              
8         0         6.34498e-09         1e-09          1e-06          
9         0         -0.00520088         -0.1           -1e-100        
10        0         0.0196835           1e-05          0.5            
End
*************************************************************************************
*************************************************************************************

*************************************************************************************
FitLabel         Unbinned_Isolation         MCSignal         Denominator
0         0         8.29507e+10         0              1e+11          
1         1         91.2                89             93             
2         1         2.5                 2.3            3              
3         0         1.93223             0              5              
4         1         1                   0.9            1.1            
5         0         -6.90594e-08        -1e-05         -1e-09         
6         0         9.48895e-08         1e-13          1e-05          
7         0         0.175637            0              1              
End
 
FitLabel         Unbinned_Isolation         MCSignal          Numerator
0         0         8.21668e+10         0              1e+11          
1         1         91.2                89             93             
2         1         2.5                 2.3            3              
3         0         1.74475             0              5              
4         1         1                   0.9            1.1            
5         0         -6.98437e-08        -1e-05         -1e-09         
6         0         8.53697e-08         1e-13          1e-05          
7         0         0.171525            0              1              
End
*************************************************************************************
FitLabel         Unbinned_Isolation         SignalAndBkg      Denominator
0         0         8.37163e+10         0              1e+11          
1         1         91.2                89             93             
2         1         2.5                 2.3            3              
3         1         1.91435             0              5              
4         1         1                   0.9            1.1            
5         1         -7.16562e-08        -1e-05         -1e-09         
6         1         8.07671e-08         1e-13          1e-05          
7         1         0.181246            0              1
8         0         1.29789e-08         1e-09          1e-06          
9         0         -0.00549404         -0.1           -1e-100        
End

FitLabel         Unbinned_Isolation         SignalAndBkg      Numerator  
0         0         8.9293e+10          0              1e+11          
1         1         91.2                89             93             
2         1         2.5                 2.3            3              
3         1         1.74475             0              5              
4         1         1                   0.9            1.1            
5         1         -6.98437e-08        -1e-05         -1e-09         
6         1         8.53697e-08         1e-13          1e-05          
7         1         0.171525            0              1              
8         0         3.84982e-09         1e-10          1e-08          
9         0         -0.00581239         -0.1           -1e-100        
End
*************************************************************************************
FitLabel         Unbinned_Isolation         SignalAndBkgSSOSMerged      Denominator
0         0         8.157e+10           0              1e+11          
1         1         91.2                89             93             
2         1         2.5                 2.3            3              
3         1         1.92955             0              5              
4         1         1                   0.9            1.1            
5         1         -7.17695e-08        -1e-05         -1e-09         
6         1         9.23806e-08         1e-13          1e-05          
7         1         0.179932            0              1              
8         0         6.33428e-09         1e-09          1e-06          
9         0         -0.0052737          -0.1           -1e-100        
10        0         0.0198331           1e-05          0.5            
End

FitLabel         Unbinned_Isolation         SignalAndBkgSSOSMerged      Numerator  
0         0         8.03445e+10         0              1e+11          
1         1         91.2                89             93             
2         1         2.5                 2.3            3              
3         1         1.92105             0              5              
4         1         1                   0.9            1.1            
5         1         -6.92188e-08        -1e-05         -1e-09         
6         1         7.82596e-08         1e-13          1e-05          
7         1         0.173789            0              1              
8         0         6.57191e-10         1e-10          1e-08          
9         0         -0.00499322         -0.1           -1e-100        
10        0         0.017293            1e-05          0.5            
End
*************************************************************************************
*************************************************************************************

*************************************************************************************
FitLabel         Unbinned_CustomTightID         MCSignal         Denominator
0         0         8.21668e+10         0              1e+11          
1         1         91.2                89             93             
2         1         2.5                 2.3            3              
3         0         1.74475             0              5              
4         1         1                   0.9            1.1            
5         0         -6.98437e-08        -1e-05         -1e-09         
6         0         8.53697e-08         1e-13          1e-05          
7         0         0.171525            0              1              
End

FitLabel         Unbinned_CustomTightID         MCSignal          Numerator
0         0         7.96081e+10         0              1e+11          
1         1         91.2                89             93             
2         1         2.5                 2.3            3.2            
3         0         1.7765              0              5              
4         1         1                   0.9            1.1            
5         0         -6.90738e-08        -1e-05         -1e-09         
6         0         8.49047e-08         1e-13          1e-05          
7         0         0.163978            0              1              
End
*************************************************************************************
FitLabel         Unbinned_CustomTightID         SignalAndBkg      Denominator
0         0         8.21955e+10         0              1e+11          
1         1         91.2                89             93             
2         1         2.5                 2.3            3              
3         1         1.9164              0              5              
4         1         1                   0.9            1.1            
5         1         -7.08663e-08        -1e-05         -1e-09         
6         1         7.46304e-08         1e-13          1e-05          
7         1         0.171346            0              1              
8         0         3.2565e-09          1e-10          1e-08          
9         0         -0.00465447         -0.1           -1e-100        
End

FitLabel         Unbinned_CustomTightID         SignalAndBkg      Numerator  
0         0         7.9609e+10          0              1e+11          
1         1         91.2                89             93             
2         1         2.5                 2.3            3.2            
3         1         1.88551             0              5              
4         1         1                   0.9            1.1            
5         1         -7.08821e-08        -1e-05         -1e-09         
6         1         8.05677e-08         1e-13          1e-05          
7         1         0.162964            0              1              
8         0         1.44917e-09         1e-10          1e-08          
9         0         -0.00392406         -0.1           -1e-100        
End
*************************************************************************************
FitLabel         Unbinned_CustomTightID         SignalAndBkgSSOSMerged      Denominator
0         0         8.1242e+10          0              1e+11          
1         1         91.2                89             93             
2         1         2.5                 2.3            3              
3         1         1.9164              0              5              
4         1         1                   0.9            1.1            
5         1         -7.08663e-08        -1e-05         -1e-09         
6         1         7.46304e-08         1e-13          1e-05          
7         1         0.171346            0              1              
8         0         7.02943e-10         1e-10          1e-08          
9         0         -0.00491347         -0.1           -1e-100        
10        0         0.0171655           1e-05          0.5            
End

FitLabel         Unbinned_CustomTightID         SignalAndBkgSSOSMerged      Numerator  
0         0         7.86898e+10         0              1e+11          
1         1         91.2                89             93             
2         1         2.5                 2.3            3.2            
3         1         1.88551             0              5              
4         1         1                   0.9            1.1            
5         1         -7.08821e-08        -1e-05         -1e-09         
6         1         8.05677e-08         1e-13          1e-05          
7         1         0.162964            0              1              
8         0         1.62514e-10         1e-10          1e-08          
9         0         -0.00524712         -0.007         -1e-100        
10        0         0.0145656           1e-05          0.5            
End
*************************************************************************************
*************************************************************************************

